24368890
23442270
18764836
22292996
18744252
na
na
15403000
16601744
23133512
23787744
16318964
9999999
22723022
16408159
16408155
30709056
31479324
15820008
16079797
23446752
31475826
15705547
15705548
15705549
15752347
22733794
15807477
15876159
15033947
15826094
15033947
15039099
13806198
14119059
17735198
15982235
15982289
18222090
15962191
31474006
17734106
29513338
22723668
22717262
17985710
18386314
18533668
17985300
17985516
17985350
19903194
24033496
16541681
16654022
15422268
15239704
15155942
13919041
13922506
13922751
13926137
19071026
15128195
31476986
14209502
14209488
22455778
14055415
15247930
13937870
13937837
14113614
15092407
19481082
23444102
22183774
18198462
16525722
18525320
15807483
29203796
15486919
15274567
13950384
15706100
15630720
16554750
18062960
18826046
15485189
18201312
16337007
15627433
30706244
14114216
14134375
15524678
17511364
22403126
15561449
15433238
15034365
13725205
13725205
13736160
13775453
15806010
31474172
13786752
13731184
13828927
13828928
15807487
13734134
13793322
21636920
13731228
13842893
18028804
25164884
15530900
14129290
14129316
22402770
16350630
15947052
16216378
16629358
15630698
14119575
18816350
15586300
31478166
16013339
13894082
15345828
15365879
16737006
15836601
15497757
15485189
13828927
16634552
16634516
18448954
16562893
15270087
22723596
22456056
15870938
33579328
33599928
33595414
1111
26171108
16003658
30746226
35741216
36000188
35717562
37094816
